==> Building model 'alexnet'
0.1
Saving...70.20333333333333
0.1
Saving...73.60333333333334
0.1
Saving...74.01333333333334
0.1
Saving...76.66666666666667
0.1
0.1
0.1
0.1
Saving...77.16333333333333
0.1
0.1
0.1
0.1
0.1
0.1
Saving...77.36
0.1
0.1
0.1
0.1
0.1
0.1
0.1
0.1
0.1
0.1
0.1
Saving...78.05666666666667
0.1
0.1
0.1
0.1
0.1
Saving...78.50666666666666
0.1
0.1
0.1
0.1
0.1
0.1
0.1
0.1
0.1
0.1
0.1
0.1
0.1
0.1
0.1
0.05
0.05
Saving...79.68666666666667
0.05
0.05
Saving...80.32333333333334
0.05
Saving...80.33333333333333
0.05
0.05
0.05
0.05
0.05
0.05
0.05
0.05
0.05
0.05
0.05
Saving...80.35333333333334
0.05
0.05
0.05
0.05
0.05
0.05
0.025
0.025
0.025
Saving...81.20333333333333
0.025
Saving...81.42
0.025
0.025
0.025
0.025
0.025
0.025
0.025
Saving...81.44666666666667
0.025
0.025
Saving...81.80333333333333
0.025
0.025
0.025
0.025
0.025
0.025
0.025
0.025
0.025
0.025
0.0125
0.0125
Saving...82.47333333333333
0.0125
Saving...82.98333333333333
0.0125
0.0125
0.0125
0.0125
0.0125
0.0125
Saving...83.11
0.0125
0.0125
0.0125
0.0125
0.0125
0.0125
0.0125
0.0125
0.0125
0.0125
0.00625
Saving...83.28333333333333
0.00625
Saving...83.36333333333333
0.00625
0.00625
Saving...83.88333333333334
0.00625
0.00625
Saving...83.89333333333333
0.00625
0.00625
0.00625
Saving...83.96333333333334
0.00625
0.00625
0.00625
Saving...83.98666666666666
0.00625
0.00625
Saving...84.03666666666666
0.00625
0.00625
0.00625
0.00625
0.00625
0.00625
0.00625
0.00625
0.003125
0.003125
Saving...84.17
0.003125
Saving...84.35333333333334
0.003125
Saving...84.35666666666667
0.003125
0.003125
0.003125
Saving...84.77333333333333
0.003125
0.003125
0.003125
0.003125
0.003125
0.003125
0.003125
0.003125
0.003125
0.003125
0.003125
Saving...84.78666666666666
0.003125
0.003125
0.003125
Saving...84.84
0.003125
0.003125
0.003125
0.003125
0.003125
0.003125
Saving...84.89
0.003125
0.003125
0.003125
0.003125
0.003125
0.003125
0.003125
0.003125
0.003125
0.003125
0.0015625
0.0015625
Saving...85.09666666666666
0.0015625
0.0015625
0.0015625
0.0015625
Saving...85.21333333333334
0.0015625
0.0015625
0.0015625
Saving...85.45
0.0015625
0.0015625
0.0015625
0.0015625
0.0015625
0.0015625
0.0015625
0.0015625
0.0015625
0.0015625
0.00078125
Saving...85.48333333333333
0.00078125
Saving...85.78
0.00078125
0.00078125
0.00078125
Saving...85.86666666666666
0.00078125
0.00078125
0.00078125
0.00078125
0.00078125
0.00078125
0.00078125
0.00078125
0.000390625
0.000390625
0.000390625
0.000390625
0.000390625
0.000390625
0.000390625
0.000390625
0.000390625
Saving...85.90333333333334
0.000390625
0.000390625
0.000390625
0.0001953125
0.0001953125
Saving...86.06
0.0001953125
0.0001953125
0.0001953125
Saving...86.10666666666667
0.0001953125
Saving...86.14333333333333
0.0001953125
0.0001953125
0.0001953125
0.0001953125
0.0001953125
0.0001953125
0.0001953125
0.0001953125
0.0001953125
0.0001953125
Saving...86.18666666666667
9.765625e-05
9.765625e-05
9.765625e-05
9.765625e-05
9.765625e-05
Saving...86.19333333333333
9.765625e-05
9.765625e-05
9.765625e-05
9.765625e-05
Saving...86.20666666666666
9.765625e-05
Saving...86.26
9.765625e-05
9.765625e-05
9.765625e-05
9.765625e-05
9.765625e-05
4.8828125e-05
4.8828125e-05
Saving...86.29666666666667
4.8828125e-05
4.8828125e-05
4.8828125e-05
4.8828125e-05
4.8828125e-05
4.8828125e-05
4.8828125e-05
4.8828125e-05
4.8828125e-05
2.44140625e-05
Saving...86.32
2.44140625e-05
Saving...86.33333333333333
2.44140625e-05
2.44140625e-05
2.44140625e-05
Saving...86.38666666666667
2.44140625e-05
2.44140625e-05
2.44140625e-05
2.44140625e-05
2.44140625e-05
2.44140625e-05
1.220703125e-05
1.220703125e-05
1.220703125e-05
1.220703125e-05
1.220703125e-05
1.220703125e-05
1.220703125e-05
1.220703125e-05
1.220703125e-05
1.220703125e-05
1.220703125e-05
6.103515625e-06
6.103515625e-06
6.103515625e-06
6.103515625e-06
6.103515625e-06
6.103515625e-06
6.103515625e-06
6.103515625e-06
6.103515625e-06
6.103515625e-06
6.103515625e-06
3.0517578125e-06
3.0517578125e-06
3.0517578125e-06
3.0517578125e-06
3.0517578125e-06
3.0517578125e-06
3.0517578125e-06
3.0517578125e-06
3.0517578125e-06
3.0517578125e-06
3.0517578125e-06
1.52587890625e-06
1.52587890625e-06
1.52587890625e-06
1.52587890625e-06
1.52587890625e-06
1.52587890625e-06
1.52587890625e-06
1.52587890625e-06
1.52587890625e-06
1.52587890625e-06
1.52587890625e-06
7.62939453125e-07
7.62939453125e-07
7.62939453125e-07
7.62939453125e-07
7.62939453125e-07
7.62939453125e-07
7.62939453125e-07
7.62939453125e-07
7.62939453125e-07
7.62939453125e-07
7.62939453125e-07
3.814697265625e-07
3.814697265625e-07
3.814697265625e-07
3.814697265625e-07
3.814697265625e-07
3.814697265625e-07
3.814697265625e-07
3.814697265625e-07
3.814697265625e-07
3.814697265625e-07
3.814697265625e-07
1.9073486328125e-07
1.9073486328125e-07
1.9073486328125e-07
1.9073486328125e-07
1.9073486328125e-07
1.9073486328125e-07
1.9073486328125e-07
1.9073486328125e-07
1.9073486328125e-07
1.9073486328125e-07
1.9073486328125e-07
9.5367431640625e-08
9.5367431640625e-08
9.5367431640625e-08
9.5367431640625e-08
9.5367431640625e-08
9.5367431640625e-08
9.5367431640625e-08
9.5367431640625e-08
9.5367431640625e-08
9.5367431640625e-08
9.5367431640625e-08
4.76837158203125e-08
4.76837158203125e-08
4.76837158203125e-08
4.76837158203125e-08
4.76837158203125e-08
4.76837158203125e-08
4.76837158203125e-08
4.76837158203125e-08
4.76837158203125e-08
4.76837158203125e-08
4.76837158203125e-08
2.384185791015625e-08
2.384185791015625e-08
2.384185791015625e-08
2.384185791015625e-08
2.384185791015625e-08
2.384185791015625e-08
2.384185791015625e-08
2.384185791015625e-08
2.384185791015625e-08
2.384185791015625e-08
2.384185791015625e-08
1.1920928955078126e-08
1.1920928955078126e-08
1.1920928955078126e-08
1.1920928955078126e-08
1.1920928955078126e-08
1.1920928955078126e-08
1.1920928955078126e-08
1.1920928955078126e-08
1.1920928955078126e-08
1.1920928955078126e-08
1.1920928955078126e-08
1.1920928955078126e-08
1.1920928955078126e-08
1.1920928955078126e-08
1.1920928955078126e-08
1.1920928955078126e-08
1.1920928955078126e-08
1.1920928955078126e-08
1.1920928955078126e-08
1.1920928955078126e-08
1.1920928955078126e-08
1.1920928955078126e-08
1.1920928955078126e-08
1.1920928955078126e-08
1.1920928955078126e-08
1.1920928955078126e-08
1.1920928955078126e-08
1.1920928955078126e-08
1.1920928955078126e-08
1.1920928955078126e-08
1.1920928955078126e-08
1.1920928955078126e-08
1.1920928955078126e-08
1.1920928955078126e-08
1.1920928955078126e-08
1.1920928955078126e-08
1.1920928955078126e-08
1.1920928955078126e-08
1.1920928955078126e-08
1.1920928955078126e-08
1.1920928955078126e-08
1.1920928955078126e-08
1.1920928955078126e-08
1.1920928955078126e-08
1.1920928955078126e-08
1.1920928955078126e-08
1.1920928955078126e-08
1.1920928955078126e-08
1.1920928955078126e-08
1.1920928955078126e-08
1.1920928955078126e-08
1.1920928955078126e-08
1.1920928955078126e-08
1.1920928955078126e-08
1.1920928955078126e-08
1.1920928955078126e-08
1.1920928955078126e-08
1.1920928955078126e-08
1.1920928955078126e-08
1.1920928955078126e-08
1.1920928955078126e-08
1.1920928955078126e-08
1.1920928955078126e-08
1.1920928955078126e-08
1.1920928955078126e-08
1.1920928955078126e-08
1.1920928955078126e-08
1.1920928955078126e-08
1.1920928955078126e-08
1.1920928955078126e-08
1.1920928955078126e-08
1.1920928955078126e-08
1.1920928955078126e-08
1.1920928955078126e-08
1.1920928955078126e-08
1.1920928955078126e-08
1.1920928955078126e-08
1.1920928955078126e-08
1.1920928955078126e-08
1.1920928955078126e-08
1.1920928955078126e-08
1.1920928955078126e-08
1.1920928955078126e-08
1.1920928955078126e-08
1.1920928955078126e-08
1.1920928955078126e-08
1.1920928955078126e-08
1.1920928955078126e-08
1.1920928955078126e-08
1.1920928955078126e-08
1.1920928955078126e-08
1.1920928955078126e-08
1.1920928955078126e-08
1.1920928955078126e-08
1.1920928955078126e-08
1.1920928955078126e-08
1.1920928955078126e-08
1.1920928955078126e-08
1.1920928955078126e-08
1.1920928955078126e-08
1.1920928955078126e-08
1.1920928955078126e-08
1.1920928955078126e-08
1.1920928955078126e-08
1.1920928955078126e-08
1.1920928955078126e-08
1.1920928955078126e-08
1.1920928955078126e-08
1.1920928955078126e-08
1.1920928955078126e-08
1.1920928955078126e-08
1.1920928955078126e-08
1.1920928955078126e-08
1.1920928955078126e-08
1.1920928955078126e-08
1.1920928955078126e-08
1.1920928955078126e-08
1.1920928955078126e-08
1.1920928955078126e-08
1.1920928955078126e-08
1.1920928955078126e-08
1.1920928955078126e-08
1.1920928955078126e-08
1.1920928955078126e-08
1.1920928955078126e-08
1.1920928955078126e-08
1.1920928955078126e-08
1.1920928955078126e-08
1.1920928955078126e-08
1.1920928955078126e-08
1.1920928955078126e-08
1.1920928955078126e-08
1.1920928955078126e-08
1.1920928955078126e-08
1.1920928955078126e-08
1.1920928955078126e-08
1.1920928955078126e-08
1.1920928955078126e-08
1.1920928955078126e-08
1.1920928955078126e-08
1.1920928955078126e-08
1.1920928955078126e-08
1.1920928955078126e-08
1.1920928955078126e-08
1.1920928955078126e-08
1.1920928955078126e-08
1.1920928955078126e-08
1.1920928955078126e-08
1.1920928955078126e-08
1.1920928955078126e-08
1.1920928955078126e-08
1.1920928955078126e-08
1.1920928955078126e-08
1.1920928955078126e-08
1.1920928955078126e-08
1.1920928955078126e-08
1.1920928955078126e-08
1.1920928955078126e-08
1.1920928955078126e-08
1.1920928955078126e-08
1.1920928955078126e-08
1.1920928955078126e-08
1.1920928955078126e-08
1.1920928955078126e-08
1.1920928955078126e-08
1.1920928955078126e-08
1.1920928955078126e-08
1.1920928955078126e-08
1.1920928955078126e-08
1.1920928955078126e-08
1.1920928955078126e-08
1.1920928955078126e-08
1.1920928955078126e-08
1.1920928955078126e-08
1.1920928955078126e-08
1.1920928955078126e-08
1.1920928955078126e-08
1.1920928955078126e-08
1.1920928955078126e-08
1.1920928955078126e-08
1.1920928955078126e-08
1.1920928955078126e-08
1.1920928955078126e-08
1.1920928955078126e-08
1.1920928955078126e-08
1.1920928955078126e-08
1.1920928955078126e-08
1.1920928955078126e-08
1.1920928955078126e-08
1.1920928955078126e-08
1.1920928955078126e-08
1.1920928955078126e-08
1.1920928955078126e-08
1.1920928955078126e-08
1.1920928955078126e-08
1.1920928955078126e-08
1.1920928955078126e-08
1.1920928955078126e-08
1.1920928955078126e-08
1.1920928955078126e-08
1.1920928955078126e-08
1.1920928955078126e-08
1.1920928955078126e-08
1.1920928955078126e-08
1.1920928955078126e-08
1.1920928955078126e-08
1.1920928955078126e-08
1.1920928955078126e-08
1.1920928955078126e-08
1.1920928955078126e-08
1.1920928955078126e-08
1.1920928955078126e-08
1.1920928955078126e-08
1.1920928955078126e-08
1.1920928955078126e-08
1.1920928955078126e-08
1.1920928955078126e-08
1.1920928955078126e-08
1.1920928955078126e-08
1.1920928955078126e-08
1.1920928955078126e-08
1.1920928955078126e-08
1.1920928955078126e-08
1.1920928955078126e-08
1.1920928955078126e-08
